CODE/python/downflowgo/src/downflowgo/DOWNFLOW/srtm_48_17_utm.asc
ncols        484
nrows        456
xllcorner    336837.017719028459
yllcorner    7633807.851194767281
cellsize     89.043130141073
NODATA_value -32768
[rows 76 to 113 of 456, columns 258 to 343 of 484]
895 889 882 874 877 867 849 836 814 782 759 749 744 733 720 698 682 671 635 612 598 580 551 541 537 513 481 463 447 432 424 410 401 397 396 387 380 378 376 369 364 359 355 354 349 347 344 335 328 325 322 316 315 305 299 296 292 288 278 268 263 254 250 244 237 232 229 226 224 219 215 210 204 198 194 192 188 185 183 177 168 159 152 147 139 133
831 885 856 861 866 862 841 825 812 787 762 741 730 713 699 683 668 656 627 615 600 574 548 522 511 507 493 466 435 416 413 408 404 400 397 391 387 384 382 375 370 364 366 366 361 356 348 341 333 330 325 318 316 307 305 303 296 290 282 271 265 259 255 248 242 239 237 234 228 227 223 216 209 202 201 200 195 189 183 170 165 160 155 149 143 136
704 726 734 755 772 784 796 816 809 783 768 761 746 721 710 695 678 660 644 619 593 568 546 520 500 484 481 458 434 426 421 418 414 406 399 394 390 389 387 382 377 372 371 369 362 355 347 338 332 327 325 320 316 313 311 304 298 291 285 280 271 267 260 254 251 250 244 241 236 233 226 221 215 210 208 204 198 189 181 173 169 161 153 147 145 140
548 606 627 653 668 704 712 727 745 793 786 779 751 718 696 689 682 669 658 628 609 585 564 546 525 487 456 439 433 430 428 427 423 416 407 398 396 399 394 387 383 380 376 369 359 348 341 338 339 332 326 321 320 316 314 307 300 291 290 286 278 274 268 263 259 255 250 248 241 237 232 227 221 216 211 204 197 192 183 176 172 162 156 149 146 142
549 540 543 560 618 645 625 632 647 684 759 770 751 723 691 676 666 656 650 610 597 585 557 537 522 492 466 456 456 444 438 436 426 417 411 406 406 406 399 391 387 382 377 367 360 355 355 351 347 342 336 331 326 322 316 311 301 298 293 289 279 278 274 275 265 258 253 252 247 245 236 229 223 220 216 207 204 195 185 180 175 169 160 151 150 150
549 535 528 533 550 562 541 537 549 561 605 683 739 706 685 675 660 652 639 628 590 577 556 533 512 496 486 467 462 453 447 442 431 421 418 415 411 406 399 393 389 382 376 375 374 365 361 360 355 352 348 341 331 327 323 316 309 304 296 296 293 286 282 278 268 262 260 258 253 247 240 233 226 219 213 210 208 201 194 190 181 170 164 159 153 154
549 535 528 518 524 528 527 525 529 535 553 614 653 669 644 650 649 646 637 621 590 567 547 517 496 482 475 461 462 459 456 444 436 430 426 418 411 407 401 401 396 386 387 384 382 372 369 367 362 360 354 350 343 338 334 323 314 308 307 306 303 295 289 283 273 270 266 263 260 254 246 238 229 217 215 215 212 210 204 197 184 178 175 168 163 160
558 538 522 518 524 528 527 516 520 523 544 563 601 622 593 595 594 598 594 586 556 526 501 486 472 469 467 465 466 465 460 453 447 441 429 418 415 410 408 404 397 392 393 390 388 386 382 376 369 366 361 357 353 347 342 330 323 316 311 306 302 298 293 285 280 275 269 267 261 255 248 239 229 224 225 221 219 214 210 200 189 186 183 179 175 169
559 532 520 516 513 513 512 516 520 523 544 563 558 554 534 534 533 536 532 526 511 494 483 477 474 474 473 472 467 464 459 452 443 436 426 421 419 415 411 403 398 400 399 396 396 394 388 383 380 371 363 357 356 352 344 332 328 321 316 309 307 304 295 287 282 278 275 270 262 255 248 241 238 231 232 230 222 216 210 206 197 191 188 185 181 177
551 536 523 514 510 513 512 513 516 516 526 553 558 554 534 534 533 507 506 504 500 486 484 484 479 474 475 473 470 465 460 450 441 434 432 429 424 417 409 409 407 408 408 405 401 399 394 388 384 375 366 360 360 357 351 343 330 325 322 316 310 304 299 294 286 281 279 269 264 258 256 253 248 240 236 235 226 218 215 208 203 198 193 188 186 182
553 547 536 521 513 511 512 510 511 511 514 523 531 517 512 510 511 507 506 504 500 486 484 483 480 477 475 473 472 470 464 455 444 438 437 432 427 419 418 418 414 415 419 415 409 403 395 388 383 378 372 365 362 363 358 348 339 336 330 322 316 306 303 298 293 286 281 273 267 264 264 261 257 250 243 236 231 228 223 215 208 203 199 193 189 185
554 537 528 520 513 511 510 510 511 509 510 514 515 511 510 507 505 503 502 502 501 486 484 483 480 477 478 475 472 470 464 456 448 439 436 429 425 428 430 425 420 425 426 422 416 409 397 392 385 381 375 368 366 366 364 355 348 343 335 325 318 312 308 306 298 287 282 279 274 269 267 263 260 255 247 240 235 232 224 218 209 205 201 198 194 189
573 553 536 526 518 512 510 512 512 510 511 513 510 509 506 505 504 501 501 500 498 492 486 482 481 480 478 475 472 470 464 462 459 448 442 439 440 442 436 435 435 432 430 428 424 420 412 404 396 387 382 377 374 373 370 365 361 345 340 330 325 326 321 314 304 294 290 284 279 279 274 264 260 253 249 244 238 232 223 217 214 209 206 202 197 194
700 636 576 540 527 517 516 514 513 514 515 513 508 508 505 505 502 499 499 498 497 496 485 484 480 478 477 474 474 469 461 462 459 448 442 459 455 454 451 453 447 437 435 432 429 423 416 407 401 395 389 384 380 377 373 371 363 348 344 336 332 327 325 319 309 304 297 289 286 282 275 266 259 253 252 248 244 235 228 219 215 212 210 207 201 198
783 771 651 615 620 549 529 517 515 514 515 511 508 506 505 502 497 496 496 496 495 493 484 480 479 478 479 479 474 476 476 470 462 460 465 459 455 454 451 453 453 445 439 435 434 426 420 411 405 405 401 393 388 384 377 374 366 353 352 343 339 333 327 323 318 312 301 293 290 283 278 273 268 263 258 252 245 239 231 225 221 218 214 209 205 199
748 715 661 653 635 579 548 526 516 512 509 509 506 506 504 502 501 501 499 499 498 500 498 485 486 487 485 482 484 487 487 481 470 479 477 471 466 465 468 461 453 445 439 435 434 433 426 421 419 415 413 404 400 393 383 380 374 365 355 347 346 339 335 329 324 317 311 305 298 289 282 282 278 270 261 253 250 243 239 237 230 226 220 213 208 203
675 630 610 606 576 549 539 529 523 520 510 508 506 506 503 503 506 510 511 514 517 513 508 499 499 499 502 501 502 501 500 493 484 489 485 480 479 480 471 465 463 459 451 445 443 433 426 421 419 427 423 416 411 403 394 389 378 371 353 353 353 342 338 334 330 322 322 319 307 302 297 294 287 275 265 260 256 250 253 248 241 236 229 220 212 206
666 643 616 598 579 594 593 562 534 522 517 510 506 506 510 509 519 528 533 533 541 533 525 528 524 526 528 530 520 517 515 510 502 498 495 498 499 494 483 481 476 472 465 455 449 440 435 433 427 427 423 416 411 403 404 396 386 373 360 360 355 349 345 338 333 329 329 326 319 311 311 308 294 286 279 269 264 262 261 253 244 239 231 223 217 210
724 712 691 675 666 656 625 591 574 550 531 519 516 518 538 539 532 565 572 571 574 572 570 564 561 556 553 551 544 535 531 520 517 513 510 516 517 506 497 493 491 483 473 464 455 449 447 444 439 438 433 427 422 414 404 396 386 373 360 366 357 352 345 340 340 336 335 334 328 322 319 312 309 296 289 278 274 272 266 260 251 241 232 225 222 216
795 776 758 733 695 655 638 633 630 610 592 563 557 565 602 604 582 627 631 620 605 601 603 593 588 580 572 571 566 556 545 538 534 531 525 525 526 515 511 507 503 494 485 475 465 464 459 454 452 449 441 437 432 424 416 407 390 380 373 366 357 352 345 350 351 344 342 346 344 336 331 328 323 308 301 296 289 282 273 265 255 248 239 231 227 221
818 791 761 736 711 692 680 669 669 662 671 684 690 682 688 624 627 681 684 669 646 635 621 612 602 597 594 587 581 564 560 553 552 548 539 541 538 525 522 515 512 504 497 487 479 471 474 465 462 458 450 443 437 428 422 412 398 390 381 371 361 357 351 350 351 344 342 346 355 352 347 345 341 332 321 309 299 290 279 269 261 255 243 236 231 228
782 772 768 756 748 747 747 726 719 714 724 729 682 652 635 552 627 708 707 692 673 655 639 631 620 617 608 599 592 585 577 568 568 560 558 554 544 534 532 526 521 514 504 496 489 483 483 477 471 465 459 451 443 438 428 415 407 397 385 373 368 362 358 361 360 353 353 353 355 352 347 345 341 350 333 317 307 294 283 271 264 257 252 244 237 231
772 776 769 769 763 767 775 764 752 741 716 725 639 601 540 545 615 713 716 700 679 665 657 650 639 628 619 612 603 601 596 589 579 574 572 564 551 545 542 536 527 514 506 501 497 493 490 488 481 472 467 457 451 447 433 423 410 399 392 382 373 369 361 370 375 365 357 360 370 368 372 369 362 350 333 317 307 294 285 274 269 264 259 250 241 233
777 779 779 776 773 764 756 759 748 708 593 556 586 580 601 627 708 726 720 703 684 678 671 663 653 638 627 621 619 620 612 600 593 595 589 572 565 558 551 544 533 522 518 511 505 500 497 491 485 481 472 463 455 448 440 433 419 406 395 388 367 365 369 389 406 402 393 384 397 402 401 396 380 361 343 327 310 294 285 274 269 264 264 254 243 237
778 783 782 778 778 777 772 771 757 672 607 624 666 689 726 734 736 732 724 709 697 692 683 670 663 650 642 636 632 632 620 612 610 611 604 587 576 570 561 551 541 532 527 521 513 508 504 494 487 484 477 469 461 454 447 440 427 418 404 390 369 371 388 427 453 457 437 424 430 427 423 414 386 366 352 333 318 299 292 286 280 270 264 254 243 237
780 783 782 781 779 779 774 772 768 727 698 737 752 751 748 742 737 731 725 714 708 701 691 680 672 667 653 644 645 635 630 628 623 613 606 596 590 581 568 559 552 543 534 525 522 517 515 509 499 492 483 477 470 463 452 440 429 418 404 394 380 382 412 465 493 476 451 445 437 432 428 409 384 365 351 338 324 316 304 292 287 276 269 262 252 244
786 787 786 786 785 781 777 775 776 771 763 764 759 757 753 746 738 731 726 722 714 707 702 695 684 674 661 656 642 637 635 633 625 617 613 606 599 588 578 572 561 549 542 534 530 528 527 523 512 504 495 487 475 467 458 444 430 423 415 413 401 396 438 488 515 486 459 446 432 422 411 390 377 364 347 334 324 314 301 293 287 280 274 264 256 248
795 796 794 793 791 787 781 779 777 774 771 770 765 759 754 745 738 732 728 726 720 713 705 699 692 682 672 657 650 644 641 638 636 628 625 620 608 597 589 580 567 557 549 545 538 535 539 533 519 512 506 494 482 469 458 449 438 435 430 422 413 420 458 511 515 481 463 461 432 403 392 385 375 363 350 333 322 314 303 294 285 281 278 267 260 250
814 804 808 803 798 792 786 782 778 777 772 771 765 754 749 745 740 735 731 730 725 721 711 699 696 693 678 664 661 654 651 651 649 639 635 628 613 602 594 585 572 561 557 555 550 547 542 536 530 521 508 495 486 473 462 456 450 441 433 425 423 427 451 494 515 491 484 485 442 393 381 376 369 361 352 337 325 315 308 297 290 284 279 271 262 256
829 805 817 814 808 800 794 790 784 778 773 768 763 753 748 747 744 739 736 731 727 718 711 707 705 700 690 673 670 664 661 660 656 646 645 635 621 609 602 593 578 570 564 559 555 553 546 537 533 521 506 493 488 482 473 463 451 442 438 431 426 424 431 461 482 483 479 458 423 384 376 371 364 356 346 337 326 316 307 298 291 285 279 270 263 259
830 811 829 825 819 808 801 798 790 782 777 772 765 759 751 749 746 740 737 731 729 720 718 716 709 700 692 683 677 672 669 666 660 655 652 643 629 618 611 600 590 582 570 562 558 552 548 543 532 519 508 501 495 488 476 466 457 442 441 438 433 430 425 430 439 445 441 422 399 382 373 368 361 355 346 337 328 322 312 301 292 282 279 274 268 265
820 824 839 837 831 821 812 805 794 787 785 779 771 760 753 749 748 744 742 735 728 723 720 718 708 702 699 694 688 683 674 672 668 662 655 645 637 630 620 609 603 591 571 564 559 554 552 549 540 527 522 515 506 495 475 465 460 453 451 444 442 437 427 425 425 426 420 406 393 385 378 368 359 355 346 339 334 329 319 311 299 290 286 278 275 276
854 853 847 843 837 831 825 813 800 792 792 787 775 762 754 749 752 755 747 742 737 731 725 722 716 714 711 704 697 693 685 680 677 671 665 657 647 634 620 609 603 588 576 567 562 558 558 551 545 539 534 524 509 486 482 477 469 460 457 453 451 445 440 426 424 421 412 403 399 390 382 369 358 355 346 340 338 337 333 322 310 302 293 289 289 290
859 855 849 847 843 837 831 819 810 801 798 791 778 766 759 763 766 764 760 753 744 736 728 723 719 718 715 713 705 699 693 688 684 685 676 663 650 636 624 612 601 588 578 571 567 565 566 559 555 550 543 533 508 500 495 488 477 468 462 461 457 455 449 434 429 424 413 406 403 398 384 375 368 362 353 345 341 343 342 330 318 310 305 301 304 300
868 860 856 853 848 843 835 825 818 812 806 797 785 778 777 777 775 768 766 758 750 745 734 728 724 721 719 716 711 703 696 691 691 689 681 672 662 644 631 619 606 594 585 576 575 574 572 566 557 556 549 537 523 518 511 504 490 481 473 472 469 465 459 445 438 433 421 414 411 406 398 391 385 378 368 359 354 353 349 341 328 321 316 316 310 304
868 860 856 853 854 847 841 832 827 823 814 802 796 797 794 789 780 777 772 765 760 749 739 734 730 726 727 721 716 711 706 697 689 689 682 677 670 656 645 630 618 611 600 588 583 581 580 574 564 563 550 536 530 526 520 514 502 494 488 485 482 474 465 455 453 446 435 428 419 417 414 407 399 396 385 378 370 361 354 351 340 333 329 323 317 312
871 866 861 858 854 847 841 832 827 830 817 815 812 808 803 795 788 782 776 770 762 755 748 741 739 738 738 732 724 719 712 700 694 692 689 683 672 659 652 644 631 619 607 594 590 585 584 578 571 566 552 541 537 533 527 520 509 498 495 495 491 484 479 475 466 461 450 441 436 434 431 422 409 407 401 393 383 372 360 359 348 339 337 333 325 319
875 870 865 862 855 848 842 837 832 830 817 815 812 814 806 798 792 788 780 777 772 764 755 745 745 747 743 735 732 729 715 706 698 694 690 685 678 667 656 649 636 621 610 600 597 590 589 584 575 570 558 551 551 538 531 527 518 510 507 508 504 497 495 491 477 471 465 461 455 452 451 438 422 417 411 399 392 379 370 369 360 348 342 341 334 329
