CODE/python/downflowgo/src/downflowgo/DOWNFLOW/srtm_48_17_utm.asc
ncols        484
nrows        456
xllcorner    336837.017719028459
yllcorner    7633807.851194767281
cellsize     89.043130141073
NODATA_value -32768
[rows 266 to 303 of 456, columns 0 to 85 of 484]
419 435 447 427 426 443 478 521 531 527 530 550 575 575 580 588 603 618 628 625 625 629 627 639 646 652 654 629 540 453 410 416 410 405 401 399 399 399 572 527 487 463 441 427 413 410 425 428 428 423 428 428 434 445 466 461 472 628 621 601 581 560 558 574 482 475 467 460 455 451 450 523 549 573 579 562 481 490 502 689 695 715 723 739 745 747
416 440 427 415 422 446 492 512 509 512 515 538 562 558 561 568 588 601 610 610 615 616 617 624 627 632 629 568 471 409 417 409 402 397 394 391 390 391 591 570 516 486 451 433 409 419 428 428 426 418 422 432 440 457 484 528 598 625 602 580 577 555 549 559 473 466 459 453 448 445 594 608 615 624 621 624 630 643 666 682 701 710 723 739 745 747
422 438 416 408 416 448 485 494 496 504 506 529 544 546 551 563 577 585 594 598 608 603 606 609 613 615 620 483 398 418 409 400 394 389 385 383 382 381 607 596 546 493 453 427 407 423 428 425 419 416 423 433 455 491 523 568 594 608 583 559 582 556 544 548 545 457 450 444 441 439 596 607 612 620 629 639 641 658 674 683 693 699 711 725 730 730
416 412 402 401 412 446 477 487 495 499 502 517 528 537 543 557 566 578 581 594 598 599 604 604 600 600 606 424 397 409 400 392 385 380 377 374 373 372 609 600 560 504 458 425 402 419 425 418 410 414 422 427 438 511 567 579 574 589 565 545 575 553 539 541 538 448 441 436 433 584 595 599 603 609 619 629 639 654 667 676 680 692 703 715 721 723
392 395 393 396 412 444 466 480 486 490 497 507 517 531 538 551 562 566 574 582 587 594 598 598 588 590 576 412 410 400 390 382 376 372 368 366 364 363 606 574 537 484 444 411 402 419 420 414 411 411 417 424 450 502 556 565 563 565 549 536 561 540 535 530 536 439 433 427 424 519 564 593 599 607 613 621 629 645 656 665 677 684 689 700 710 716
385 385 388 398 422 442 453 473 479 482 489 503 517 526 535 543 552 559 569 575 576 582 590 587 583 583 574 496 401 390 381 373 367 363 360 358 356 355 354 542 517 461 430 400 400 413 415 415 411 404 411 419 445 487 524 541 553 554 531 536 554 549 531 526 533 521 424 418 415 480 536 580 595 601 603 609 615 632 645 657 667 666 668 681 699 714
374 380 397 419 425 427 452 468 470 478 483 495 507 515 520 524 544 550 558 565 564 569 576 572 573 578 569 543 392 381 371 364 359 355 352 350 348 347 346 521 502 466 431 397 394 409 412 410 407 402 406 422 453 472 498 534 547 541 515 522 544 540 524 521 524 522 416 410 407 439 495 553 585 586 596 600 608 618 627 633 645 655 666 683 698 708
374 380 395 416 416 419 447 461 466 467 476 491 502 507 504 511 529 541 548 550 552 558 560 561 562 567 560 547 384 373 363 356 352 349 346 344 342 340 339 338 486 453 418 390 396 407 408 402 398 395 400 420 442 463 494 523 528 512 495 519 536 525 519 515 519 513 473 403 399 412 435 484 537 566 577 593 602 611 621 634 648 657 666 679 692 706
374 381 395 416 416 419 438 451 453 455 465 481 492 498 496 505 519 528 535 533 541 549 554 553 553 555 555 554 533 367 357 351 347 344 341 339 336 334 332 331 331 435 417 387 384 395 399 396 391 397 397 406 431 447 477 497 507 487 487 513 519 511 512 505 507 480 418 397 394 366 396 444 490 566 580 592 601 610 622 635 645 652 662 674 683 696
372 378 382 390 396 414 438 451 453 455 448 471 485 489 486 498 506 511 514 516 530 540 547 546 542 546 545 550 552 550 356 350 345 342 338 335 332 330 327 326 325 438 438 391 378 389 385 388 395 397 394 398 418 432 461 491 501 478 483 507 508 501 506 493 465 395 322 262 393 394 417 508 547 564 578 590 598 608 615 628 641 651 660 669 678 686
368 370 373 378 390 407 422 436 431 438 448 471 485 475 473 482 483 482 493 503 518 529 535 535 533 534 540 547 546 542 534 351 346 341 337 333 330 326 323 321 320 431 416 383 374 379 383 388 391 394 395 395 404 426 456 476 482 467 483 501 499 490 495 443 389 298 252 257 394 397 545 553 559 565 579 584 590 599 614 628 639 648 655 664 673 681
366 368 367 373 386 401 407 414 415 423 445 462 470 475 473 482 483 465 480 496 506 516 521 524 522 524 534 535 532 530 538 525 348 342 337 332 328 324 320 318 316 433 412 385 368 375 383 386 390 390 391 392 393 405 430 462 475 458 459 477 490 483 487 452 308 252 263 297 397 401 533 550 558 566 575 581 584 593 610 624 634 640 644 650 659 671
363 363 362 375 386 393 401 407 405 415 437 447 451 456 459 465 464 465 480 496 506 505 508 511 513 517 523 521 519 519 534 526 350 344 338 332 327 322 317 314 312 462 415 381 368 374 386 386 386 386 387 389 388 400 416 436 453 450 442 458 473 469 459 392 255 268 297 372 437 506 536 543 549 559 567 571 577 588 602 615 627 629 629 639 653 669
359 357 358 372 374 383 394 389 389 409 424 435 435 439 441 450 449 462 477 490 499 505 508 511 499 502 504 505 508 509 516 516 480 346 339 333 326 320 315 311 309 456 407 378 365 373 384 384 385 387 385 386 388 394 395 415 438 440 434 449 455 434 386 300 270 298 405 472 501 520 528 534 540 549 557 566 578 589 602 612 618 620 627 633 656 668
356 353 341 357 364 374 380 375 379 397 410 412 403 407 427 434 436 452 468 479 487 492 495 499 499 502 504 505 500 499 500 502 462 348 341 333 325 318 313 308 453 452 413 381 367 373 379 381 384 385 382 385 387 383 391 413 432 425 436 443 436 362 271 241 255 401 486 490 501 511 517 526 534 546 552 562 572 583 593 605 613 617 626 635 652 659
350 346 328 346 349 362 368 371 383 393 394 385 376 396 415 417 428 442 457 467 474 476 485 487 488 488 488 496 500 499 500 502 475 350 341 333 324 317 310 305 301 437 413 386 374 369 377 381 386 383 381 377 379 383 387 403 413 422 435 431 386 304 233 248 271 479 487 492 499 505 512 525 532 537 545 554 566 577 588 602 609 612 621 632 640 643
345 333 324 341 339 348 356 367 375 380 378 370 368 393 403 414 419 427 437 451 456 458 469 472 474 470 483 491 491 489 486 488 475 350 341 333 323 315 307 301 297 421 406 387 379 364 367 371 369 365 370 369 374 377 380 391 397 417 426 393 338 294 314 364 457 478 482 490 499 504 508 514 521 531 539 551 561 571 579 591 600 611 617 619 619 626
338 318 319 324 327 338 346 352 357 360 358 354 356 378 397 405 409 414 424 434 436 443 454 458 455 457 469 476 479 475 472 477 474 351 341 332 323 315 307 298 293 291 402 391 381 376 375 370 358 350 353 362 372 382 389 387 371 389 392 381 364 365 395 448 459 469 476 485 492 495 500 505 521 533 539 551 560 565 580 588 596 608 612 610 610 615
329 313 310 314 327 334 338 344 346 342 341 346 358 377 392 395 398 403 408 416 419 430 444 447 438 439 447 456 462 453 454 465 462 350 340 331 321 312 304 298 293 291 402 405 396 388 391 385 374 361 348 350 369 381 384 368 374 381 380 382 394 424 431 448 458 463 472 482 489 489 491 501 517 526 531 539 556 565 574 582 589 597 604 604 606 615
318 308 302 314 328 332 330 327 330 328 346 360 366 376 383 383 388 391 394 403 411 423 437 431 422 424 428 439 441 434 444 454 458 348 338 328 182 310 301 295 290 288 406 405 396 388 391 385 376 375 349 345 363 366 355 358 373 381 377 359 411 429 433 443 456 458 475 482 483 485 492 500 510 513 518 535 555 562 568 575 583 589 596 598 603 610
301 295 297 309 313 307 300 309 325 333 350 354 360 367 369 374 376 377 382 393 398 411 417 409 411 413 414 421 422 421 429 438 448 437 335 325 185 185 299 292 288 286 286 395 393 393 391 385 376 375 360 355 333 318 316 334 366 399 401 402 421 426 431 440 448 457 467 479 479 484 490 496 503 509 519 534 547 555 562 567 574 581 586 592 596 603
286 289 301 303 300 292 299 317 330 339 348 346 351 356 355 361 365 366 371 382 388 396 397 389 401 403 403 405 406 412 419 424 429 430 424 405 205 195 180 290 286 284 284 405 397 396 398 388 369 381 360 355 333 318 293 316 365 394 406 412 417 424 430 431 440 446 457 472 476 483 490 494 500 509 523 536 541 545 552 558 566 572 579 584 587 598
274 276 290 295 292 297 307 314 321 330 337 335 334 339 345 350 354 355 361 372 377 383 375 369 386 388 388 393 397 411 408 409 413 424 425 392 294 209 176 288 284 282 282 407 404 394 392 369 375 406 377 315 289 276 293 316 365 394 399 408 412 417 422 427 440 443 451 469 472 480 488 495 502 509 523 530 535 541 546 551 558 564 571 577 580 586
271 254 272 286 281 293 301 304 315 324 327 323 326 333 339 345 345 347 358 365 364 361 347 356 367 372 383 392 397 405 397 395 404 411 415 387 309 224 175 170 281 279 279 403 401 391 351 358 414 373 373 262 282 329 355 376 386 394 399 408 412 409 416 425 434 439 449 455 471 481 490 498 501 507 516 527 535 539 538 546 553 561 566 572 577 583
265 247 263 273 272 286 294 301 310 316 310 309 319 326 331 331 331 341 345 352 350 348 334 341 352 371 384 387 391 394 385 386 396 398 408 385 282 202 171 281 278 277 277 400 401 371 313 410 383 373 362 353 365 375 378 381 387 390 395 402 406 409 416 425 434 432 438 440 470 478 485 490 494 505 509 520 523 525 531 543 553 557 562 566 570 578
265 240 255 264 270 280 287 296 301 293 289 302 312 317 318 315 320 326 331 338 339 335 329 326 334 363 374 379 380 381 374 375 382 384 383 343 254 184 171 277 274 273 274 397 397 369 356 419 386 370 348 358 364 368 372 377 379 386 393 399 399 405 410 418 424 432 438 440 470 468 473 478 486 491 495 502 510 513 525 538 546 551 556 559 563 573
240 231 249 263 269 278 281 283 281 277 284 299 305 306 304 302 308 310 317 320 327 324 320 315 337 358 362 373 371 368 365 365 371 370 374 313 223 169 170 201 234 270 271 392 373 368 384 404 377 356 346 352 355 363 369 375 378 380 385 384 393 401 411 417 420 421 421 433 448 468 473 478 476 484 488 494 501 506 516 525 538 544 548 552 560 567
210 232 247 255 262 269 267 262 262 274 289 293 296 298 296 294 294 297 301 307 311 312 313 312 337 350 351 361 362 359 357 358 355 357 364 330 193 165 176 208 246 352 388 378 376 376 391 393 369 348 347 354 362 366 373 376 373 373 374 383 391 401 406 409 414 414 412 423 440 458 463 469 476 484 488 494 498 502 508 514 525 532 544 551 558 568
203 219 238 248 261 264 258 249 253 266 280 286 286 287 285 283 283 286 288 285 289 303 305 307 330 341 338 349 356 353 350 349 345 336 329 319 187 166 199 225 282 385 387 375 370 379 397 396 368 351 357 365 364 367 371 365 357 363 371 381 387 395 400 401 404 399 413 430 437 450 456 461 468 479 484 491 498 502 508 514 517 528 540 551 558 564
204 212 230 244 261 265 253 240 242 255 274 276 275 275 275 275 279 274 275 267 286 299 298 301 317 329 327 334 344 345 341 332 314 283 269 279 180 164 195 225 298 376 381 372 364 376 397 406 382 342 352 354 357 362 363 354 355 365 369 372 382 388 393 395 395 398 413 426 435 441 452 461 469 477 483 492 498 501 508 513 517 528 540 551 554 562
199 208 210 231 253 257 242 226 230 247 264 267 267 265 265 266 265 265 261 267 290 290 292 297 305 314 316 315 327 332 330 316 262 240 240 244 181 162 182 219 292 377 377 366 359 367 377 383 360 332 344 349 351 354 350 345 355 364 366 371 378 385 387 387 391 398 408 420 428 429 450 460 466 475 483 492 496 499 505 511 517 529 540 549 554 562
181 183 180 222 242 244 232 219 217 239 252 259 259 257 257 251 251 259 252 267 282 280 287 288 297 304 300 301 311 318 318 295 243 229 234 224 213 164 180 229 350 373 367 360 361 352 347 347 335 324 337 341 342 346 344 339 350 357 360 365 378 384 382 386 390 398 405 411 419 429 447 456 462 472 480 486 491 496 497 504 513 526 538 546 552 558
162 160 164 209 220 225 218 212 221 234 244 247 246 248 250 243 242 245 249 262 268 269 276 285 288 293 285 290 301 303 302 295 240 226 224 211 190 160 174 339 375 369 358 359 364 355 338 331 332 334 333 337 337 341 343 337 346 357 363 372 380 380 378 380 382 393 402 410 419 428 436 453 461 468 473 483 487 491 493 501 515 524 532 541 545 551
151 149 159 177 194 207 204 200 219 229 234 237 239 239 239 237 229 231 244 254 255 255 258 264 269 278 273 280 289 298 297 293 249 214 202 187 177 169 188 345 364 359 355 356 359 359 342 326 317 316 321 333 337 336 336 338 353 363 367 373 376 378 375 373 379 388 399 407 416 425 432 448 454 461 469 476 481 485 493 505 515 520 526 532 536 540
146 146 157 168 178 187 184 186 206 222 223 227 228 230 229 226 224 227 237 243 247 239 240 251 264 264 261 272 282 285 289 284 274 228 178 170 169 166 182 355 358 351 347 348 353 352 337 316 284 283 318 327 327 326 338 348 356 361 366 373 374 374 369 368 377 385 397 403 408 416 424 439 446 453 464 470 477 482 491 503 510 514 521 524 528 532
140 142 151 152 160 168 162 167 193 212 215 218 220 221 221 218 216 218 229 236 236 225 234 244 250 251 255 262 269 271 274 269 264 228 172 164 165 160 305 353 354 348 342 340 332 329 321 304 244 234 296 315 319 332 343 352 356 362 365 369 369 363 360 368 375 385 394 398 400 405 412 424 437 444 455 464 470 473 486 494 505 511 513 519 522 526
140 142 151 152 133 155 145 157 187 200 205 208 211 212 213 210 208 215 222 227 227 223 228 230 238 246 251 259 261 260 257 239 224 197 158 157 160 158 279 342 347 342 341 334 316 314 312 300 226 201 282 306 319 334 342 349 354 358 365 365 362 355 356 366 372 380 387 389 394 401 407 420 428 438 447 454 456 464 475 482 491 501 506 510 514 517
134 135 136 133 133 155 145 158 181 190 195 201 203 207 207 205 204 208 209 215 221 218 220 224 237 247 249 252 254 255 226 190 171 159 151 154 156 156 158 326 336 334 331 324 311 301 301 283 251 261 293 306 321 332 341 348 349 352 358 362 353 353 355 365 370 374 381 384 388 397 404 412 428 434 443 447 450 456 467 472 477 487 496 502 508 512
