CODE/python/downflowgo/src/downflowgo/DOWNFLOW/srtm_48_17_utm.asc
ncols        484
nrows        456
xllcorner    336837.017719028459
yllcorner    7633807.851194767281
cellsize     89.043130141073
NODATA_value -32768
[rows 228 to 265 of 456, columns 0 to 85 of 484]
1154 1159 1170 1184 1202 1227 1261 1290 1319 1300 1259 1242 1243 1239 1257 1255 871 851 830 806 780 753 724 695 666 637 607 577 549 524 503 488 479 474 472 474 479 487 496 506 517 528 539 550 561 572 584 612 613 626 639 652 664 675 686 697 707 719 732 747 763 781 798 815 832 849 868 886 903 918 931 940 947 951 954 956 958 960 960 957 952 934 922 910 898 886
1155 1167 1180 1202 1234 1269 1275 1279 1296 1286 1257 1212 1194 1201 1223 1250 856 838 818 796 772 746 718 690 661 631 601 571 542 517 496 481 472 467 466 469 474 482 491 500 511 521 532 542 552 563 575 587 613 626 639 636 647 658 668 677 687 697 708 722 737 753 771 788 806 825 844 863 881 897 908 916 921 925 928 930 933 934 935 932 927 919 898 886 875 864
1170 1192 1215 1250 1271 1264 1245 1243 1256 1237 1220 1191 1153 1149 1185 1224 843 826 807 786 764 739 713 685 657 627 596 564 535 508 487 472 463 460 460 463 469 477 486 496 506 515 525 534 544 554 565 577 601 613 625 636 647 658 668 659 667 675 686 698 712 728 745 762 781 1155 1144 843 862 878 888 893 897 900 902 905 908 910 911 910 904 896 874 863 852 842
1226 1246 1262 1266 1244 1218 1197 1206 1219 1195 1179 1153 1112 1121 1159 1190 831 815 798 778 756 733 708 681 653 623 591 558 527 498 476 462 454 452 453 457 464 472 482 492 502 511 519 527 536 546 556 567 590 601 612 622 632 642 651 659 667 675 686 675 689 704 721 738 757 1143 1128 822 844 861 869 872 873 874 877 880 883 887 889 888 882 873 851 841 830 820
1239 1240 1241 1225 1200 1179 1152 1168 1195 1149 1136 1104 1071 1066 1131 1157 820 806 789 771 750 728 704 679 651 621 469 446 521 490 466 453 446 445 447 452 459 467 478 489 499 506 513 521 529 538 548 558 569 590 600 609 618 627 635 642 648 656 664 675 689 704 721 715 1137 1134 1103 1052 822 841 847 848 848 848 850 853 857 861 864 865 858 849 839 818 808 799
1192 1191 1204 1184 1156 1154 891 1120 1131 1115 1099 1072 1030 1040 1084 1115 811 798 783 765 745 724 702 678 651 621 506 463 437 426 418 447 442 441 443 447 454 463 473 484 495 501 507 513 521 529 539 549 560 580 589 597 605 612 619 626 631 637 645 654 668 683 699 715 1137 1134 1076 1037 794 810 818 821 821 821 823 826 830 834 837 837 831 823 814 795 786 779
1145 1149 1178 1159 1128 1128 870 1088 1098 853 1081 1031 981 983 1034 811 803 792 779 763 744 724 702 757 706 583 495 461 448 439 402 451 443 440 441 444 450 457 466 476 486 493 499 505 512 521 530 540 550 570 578 586 593 600 606 611 616 621 628 638 651 665 679 694 1101 1101 1076 1037 794 810 786 791 793 794 795 798 802 806 808 807 803 797 789 773 765 758
1107 1109 1136 1135 1101 1099 848 1071 837 832 827 986 952 942 976 801 795 788 777 763 746 777 762 730 669 560 506 458 435 410 375 371 447 442 440 442 446 452 459 468 476 483 490 497 504 512 521 531 541 551 568 576 582 588 593 598 602 607 614 623 635 648 661 675 1069 1061 1045 1007 763 778 786 791 793 794 769 772 775 778 779 779 775 770 763 757 744 738
1065 1074 1108 1112 1067 1072 825 820 815 810 806 983 940 910 938 794 789 784 776 764 812 765 723 696 637 549 509 440 418 387 370 368 368 444 441 440 442 446 453 460 467 474 481 488 496 504 513 523 533 543 559 566 572 578 582 586 590 595 601 609 620 632 645 657 1048 1029 1004 944 733 746 755 761 764 767 769 772 775 751 752 752 749 745 739 734 723 719
1022 1020 1072 812 810 806 802 798 793 789 786 959 938 781 782 782 782 780 1008 767 753 743 729 687 659 569 486 420 396 377 366 363 362 446 441 438 439 442 446 452 459 465 472 480 488 496 506 515 526 535 551 558 564 568 572 576 580 584 589 596 606 618 629 641 1021 993 946 891 706 718 726 733 737 741 743 746 749 751 752 752 749 721 716 712 703 700
969 976 1033 1068 785 783 779 775 771 768 765 764 764 765 768 771 943 1008 1010 980 976 851 724 712 678 642 569 421 378 367 355 356 354 446 440 436 436 437 441 446 452 458 465 472 480 489 499 509 519 529 537 551 556 560 564 567 570 573 578 585 593 604 615 1025 991 951 904 863 684 693 701 708 713 717 720 722 725 727 727 726 724 721 716 712 707 681
938 957 1007 1040 761 759 757 753 750 747 745 745 746 750 754 796 836 995 980 970 976 954 871 763 692 623 538 380 366 354 337 331 316 444 437 434 433 434 436 441 446 452 458 466 474 483 493 503 513 523 532 545 550 554 557 559 561 564 568 574 582 591 602 1012 962 920 879 833 665 673 680 686 691 695 698 700 702 704 704 703 702 699 696 692 688 681
915 933 971 997 996 736 734 904 926 726 725 773 752 743 765 783 821 974 966 949 954 950 882 767 708 623 529 433 355 323 309 295 300 440 434 431 430 430 433 436 441 447 453 460 468 477 487 498 508 519 528 541 545 548 551 552 554 556 559 564 571 580 992 990 941 885 827 801 650 657 663 667 671 675 678 680 682 683 683 682 681 679 677 674 670 664
892 921 932 944 953 715 713 881 895 906 705 823 757 735 749 788 839 959 946 940 941 939 926 850 762 670 576 505 407 301 296 284 444 436 431 428 427 428 430 433 437 442 448 455 463 472 482 493 504 515 524 532 542 544 546 547 548 550 552 555 562 570 971 954 905 836 784 629 637 643 648 651 654 657 659 661 663 663 663 663 662 661 660 657 655 651
866 864 876 892 908 913 693 690 827 869 685 819 749 720 744 797 854 930 933 929 930 928 928 922 824 719 623 559 514 296 281 285 440 433 428 426 425 425 427 430 434 439 444 450 457 466 477 488 500 511 521 528 538 541 543 544 545 545 546 549 555 563 947 916 847 784 769 618 626 632 635 636 638 640 641 643 645 645 646 645 645 645 645 643 641 638
808 805 861 854 863 888 673 671 776 783 667 766 725 704 738 800 873 938 923 920 920 919 922 910 873 725 644 569 489 383 277 276 439 432 428 425 423 423 425 428 431 435 439 445 452 461 561 546 495 507 517 525 536 539 542 543 543 544 544 546 552 559 916 880 805 761 757 608 615 620 621 622 622 623 625 626 628 629 629 629 630 631 632 631 630 628
808 807 825 827 830 842 854 654 652 776 651 735 708 689 720 785 857 923 917 908 908 908 900 893 845 745 658 553 468 373 272 274 444 435 430 426 423 422 423 424 427 430 435 440 447 558 556 539 531 501 512 520 527 537 541 543 545 545 850 828 820 560 901 859 786 744 743 597 602 605 607 607 607 607 609 611 612 614 615 616 618 620 621 622 622 621
784 807 825 827 830 802 818 637 635 768 637 729 696 676 697 746 818 891 908 894 895 890 880 880 840 731 639 554 464 347 310 315 452 442 434 428 424 421 420 421 423 426 430 435 442 556 539 531 526 494 505 515 523 536 541 545 548 550 853 819 804 563 866 823 773 735 728 586 589 591 591 591 591 592 594 596 598 601 603 605 607 610 612 614 615 616
755 789 778 802 820 802 818 637 620 707 729 735 679 664 687 722 784 877 891 883 881 877 870 867 835 738 630 532 440 390 370 479 462 449 439 431 425 421 419 418 419 421 425 430 436 559 534 527 520 525 499 509 519 535 542 548 553 556 850 825 801 569 868 853 781 732 717 576 576 576 576 576 576 577 579 582 585 589 592 595 598 602 605 608 611 613
726 746 748 784 806 775 779 790 620 707 729 735 658 650 678 720 800 873 884 882 873 866 863 859 820 720 602 485 442 421 395 488 470 455 443 434 426 421 417 415 415 417 420 425 431 561 538 525 515 513 519 504 515 525 544 552 558 564 837 815 789 801 836 851 807 731 705 567 565 563 562 561 561 563 565 569 573 578 582 587 591 595 599 603 607 612
699 713 711 752 792 762 750 780 755 698 701 708 658 650 678 720 808 864 879 874 861 856 851 847 837 740 569 482 457 425 401 495 476 460 447 436 427 420 415 412 411 412 415 420 426 558 547 531 505 501 497 499 511 523 546 556 565 572 577 797 771 769 808 837 793 732 699 559 554 551 548 547 548 550 553 557 562 568 573 579 584 589 594 599 605 611
677 685 687 734 769 743 730 758 754 690 665 669 638 639 670 720 808 864 879 864 853 848 842 831 822 639 617 483 453 421 395 362 479 463 449 437 427 419 414 410 408 409 411 718 697 613 556 553 504 491 491 495 508 521 547 560 571 580 587 813 772 751 785 814 755 706 685 551 545 539 536 534 535 537 541 546 552 558 565 572 579 584 590 596 603 611
662 654 668 714 758 734 711 731 725 667 652 642 618 635 676 736 802 854 866 864 857 848 842 820 819 633 611 588 432 401 377 351 479 463 449 437 427 419 412 408 405 405 685 678 654 638 646 586 518 483 483 490 515 516 534 563 576 587 596 829 790 752 764 796 749 694 674 544 535 528 524 523 523 526 530 536 542 550 558 566 573 580 587 594 602 611
656 630 645 691 736 723 694 710 713 651 630 619 609 631 681 732 786 838 853 854 850 839 831 820 819 633 611 582 440 390 358 343 478 463 449 437 426 418 411 406 403 691 644 628 611 616 626 572 512 481 478 488 525 521 511 566 581 594 814 820 782 739 761 801 771 708 668 537 526 518 513 512 513 516 520 526 534 542 551 560 569 577 585 593 602 612
636 614 641 691 709 691 683 717 701 637 621 610 601 626 660 720 787 831 846 845 840 828 819 813 808 799 605 582 440 390 352 327 476 461 448 436 426 417 410 404 401 655 603 591 581 576 583 560 499 475 474 497 536 515 506 567 583 598 802 796 765 727 740 787 783 716 660 651 517 507 503 502 504 507 512 518 526 535 544 554 564 573 582 591 601 612
612 598 631 675 673 661 679 708 674 617 599 590 597 621 658 718 787 820 830 826 832 825 808 803 798 793 599 576 554 402 352 327 476 461 447 435 425 417 410 404 401 658 588 568 563 550 545 516 477 469 469 489 512 497 502 547 583 599 778 764 730 702 713 774 761 703 657 642 511 499 495 495 496 500 505 511 519 528 538 549 559 569 579 590 601 613
590 583 617 648 637 643 676 697 650 597 582 575 589 611 653 719 779 813 813 809 816 815 796 795 790 784 592 570 548 527 506 489 473 459 447 435 425 417 411 406 402 685 629 562 540 528 521 501 466 462 463 484 492 486 491 543 580 596 761 746 695 695 712 757 747 685 649 630 508 497 492 490 491 494 499 505 513 522 532 543 554 565 576 588 600 613
572 566 596 628 618 653 676 683 643 588 566 562 585 617 672 743 783 798 794 794 800 798 787 785 785 780 772 774 543 523 503 486 471 458 446 435 426 418 411 406 402 685 629 559 529 513 503 497 465 455 458 477 484 481 484 538 573 588 752 745 701 675 684 740 747 687 648 623 506 496 490 487 488 490 494 499 507 516 526 537 549 560 573 585 599 613
557 549 583 607 609 651 656 657 619 570 551 556 593 642 699 747 766 778 777 781 785 782 775 776 778 776 768 756 661 519 500 484 470 457 445 435 426 419 413 408 405 707 629 559 529 497 490 484 456 450 452 465 475 475 487 531 548 579 744 740 694 664 690 733 737 718 683 626 610 495 489 486 485 486 490 495 502 510 520 532 544 556 569 583 597 786
546 533 558 587 587 619 622 613 590 553 536 556 591 639 691 747 757 760 764 768 766 763 765 772 769 768 761 744 655 514 497 481 467 455 444 435 427 420 415 411 408 695 652 557 522 497 490 484 456 445 450 459 471 469 481 524 540 568 731 725 686 650 678 722 712 715 689 635 601 494 487 484 482 483 486 491 497 505 515 527 539 552 566 580 756 798
538 517 529 565 567 593 588 561 543 526 531 566 611 658 703 738 746 747 754 756 748 749 755 762 760 761 753 737 655 508 492 477 464 453 443 435 427 422 417 414 411 663 619 543 504 480 474 470 451 445 450 459 471 466 482 515 531 558 722 721 681 643 650 683 705 702 684 634 602 491 485 481 480 480 483 487 493 501 511 522 535 549 563 739 768 796
515 505 516 549 547 572 560 530 515 509 534 568 614 669 709 722 726 730 743 744 732 737 740 736 738 748 738 726 656 572 486 472 460 450 441 433 427 423 419 416 414 413 543 521 486 463 455 451 444 442 448 458 467 466 482 515 522 535 706 715 681 631 609 652 687 699 675 636 618 487 482 478 477 477 480 484 490 498 507 519 532 611 660 728 772 788
491 491 518 542 533 555 537 508 496 501 542 582 628 664 695 706 705 715 728 728 717 725 727 723 719 735 725 713 634 544 456 466 455 445 437 431 426 423 420 418 504 493 490 490 461 445 439 433 443 445 448 453 463 466 478 507 522 535 706 715 648 611 611 638 667 673 664 626 489 482 477 474 473 474 477 481 487 495 505 516 595 636 679 709 760 782
475 489 519 517 510 523 515 491 484 501 552 607 636 658 679 689 689 699 707 706 705 713 716 713 707 719 717 705 631 517 444 410 448 440 433 428 425 422 421 500 488 472 457 446 434 426 427 437 443 443 446 450 464 466 471 499 513 526 694 691 648 611 611 638 634 642 500 490 482 476 472 470 470 471 474 479 485 493 502 514 527 604 662 695 748 778
464 489 505 491 481 483 479 473 478 502 549 598 622 647 659 665 671 673 680 685 691 700 702 691 691 708 709 684 622 527 445 410 440 433 428 424 422 420 494 483 471 460 451 435 424 421 428 438 437 441 446 452 461 460 469 484 504 517 659 672 634 600 600 628 634 642 500 490 475 469 466 321 316 468 471 476 483 491 501 513 526 573 627 704 759 775
451 470 474 469 458 455 460 476 493 521 571 589 608 630 643 647 650 654 664 668 672 682 678 676 687 692 695 683 613 515 437 406 433 427 422 419 418 417 492 478 469 457 446 441 431 425 429 433 438 445 444 447 450 452 461 483 496 508 640 647 612 588 589 606 609 501 491 483 475 469 466 348 368 398 469 475 482 490 500 512 526 540 701 752 764 776
437 447 457 457 444 448 469 497 529 554 567 575 597 615 619 621 629 637 644 652 660 663 657 665 678 680 684 675 614 515 450 431 425 419 416 413 413 543 509 483 468 456 444 438 440 427 424 434 438 445 441 438 444 446 457 475 487 499 646 626 598 577 575 592 601 492 483 475 468 463 337 348 368 398 469 473 481 490 500 513 527 716 726 743 755 768
426 438 463 450 435 444 476 528 548 544 548 563 586 594 596 607 616 627 639 639 642 648 642 651 664 665 667 659 588 504 450 423 417 412 409 407 406 407 535 508 476 451 439 433 431 415 427 431 431 434 436 432 438 442 454 468 479 490 627 613 592 569 564 585 492 483 475 468 461 457 366 399 430 460 467 473 481 490 500 689 695 715 725 740 750 760
