CODE/python/downflowgo/src/downflowgo/DOWNFLOW/srtm_48_17_utm.asc
ncols        484
nrows        456
xllcorner    336837.017719028459
yllcorner    7633807.851194767281
cellsize     89.043130141073
NODATA_value -32768
[rows 266 to 303 of 456, columns 344 to 429 of 484]
2330 2279 2234 2204 2172 2135 2101 2066 2041 2010 1978 1949 1930 1903 1879 1855 1830 1799 1773 1745 1717 1688 1647 1631 1611 1595 1579 1561 1540 1519 1498 1474 1451 1426 1402 1376 1354 1333 1307 1277 1243 1208 1176 1149 1113 1080 1042 1006 963 922 883 844 808 770 728 648 607 567 528 487 458 424 395 376 372 367 361 352 342 337 327 312 298 287 277 267 257 242 230 218 209 204 192 177 162 141
2351 2299 2252 2221 2189 2153 2118 2075 2043 2006 1972 1942 1918 1900 1880 1857 1830 1799 1768 1742 1715 1693 1650 1632 1611 1597 1582 1564 1546 1525 1500 1479 1455 1432 1406 1382 1360 1339 1311 1281 1245 1205 1170 1142 1111 1078 1045 1011 972 928 888 851 811 770 723 687 599 558 522 483 447 420 400 380 369 365 358 352 343 333 321 307 295 285 276 268 256 244 234 222 216 206 195 179 163 143
2359 2312 2270 2236 2202 2164 2122 2081 2044 2007 1968 1936 1918 1900 1878 1857 1829 1800 1765 1740 1715 1695 1660 1640 1618 1601 1584 1564 1543 1521 1500 1478 1454 1433 1406 1385 1365 1341 1314 1282 1243 1205 1175 1146 1113 1080 1048 1017 975 932 891 846 801 761 716 670 585 541 502 466 441 424 407 389 378 369 360 353 343 332 320 308 295 288 277 270 259 250 239 226 217 209 196 180 164 147
2366 2327 2286 2246 2212 2165 2122 2084 2042 2001 1960 1934 1926 1902 1874 1850 1822 1794 1765 1740 1717 1697 1667 1644 1624 1606 1582 1562 1542 1520 1498 1475 1456 1437 1412 1386 1362 1339 1309 1280 1249 1213 1176 1145 1113 1076 1044 1005 966 929 883 835 788 746 699 649 556 505 477 458 440 426 412 396 383 371 362 353 342 329 320 311 302 290 281 271 259 250 239 227 220 208 192 177 161 139
2362 2323 2288 2250 2212 2165 2125 2090 2045 1999 1968 1947 1921 1892 1866 1840 1813 1789 1762 1741 1721 1703 1688 1652 1631 1609 1589 1568 1546 1526 1504 1479 1455 1434 1413 1387 1362 1338 1305 1273 1245 1210 1173 1141 1103 1070 1032 991 950 908 863 816 765 712 667 615 521 491 476 460 443 433 418 400 385 371 359 349 338 324 318 313 303 294 280 268 258 248 238 225 218 205 190 173 156 135
2358 2318 2285 2249 2203 2157 2118 2090 2047 2009 1969 1942 1905 1877 1854 1830 1812 1787 1761 1741 1725 1709 1695 1665 1640 1615 1595 1576 1556 1534 1511 1488 1459 1437 1413 1388 1366 1336 1305 1269 1242 1204 1166 1133 1095 1058 1022 976 927 881 832 776 730 682 634 584 548 498 487 471 453 438 422 404 385 371 358 343 331 320 314 306 295 285 277 269 260 246 235 225 214 205 189 169 151 136
2352 2313 2281 2240 2192 2149 2120 2078 2038 2000 1962 1934 1900 1873 1848 1826 1809 1789 1769 1752 1733 1712 1695 1664 1643 1620 1602 1581 1559 1535 1512 1490 1464 1439 1412 1387 1359 1328 1300 1265 1230 1193 1153 1122 1084 1040 1000 950 898 845 796 738 700 661 623 586 561 517 497 476 457 441 422 408 391 373 358 343 331 322 314 301 291 282 273 266 258 244 232 221 212 202 187 174 155 139
2352 2313 2281 2235 2185 2142 2111 2076 2032 1993 1963 1935 1910 1880 1852 1828 1808 1792 1773 1754 1734 1717 1696 1663 1647 1624 1605 1583 1561 1534 1516 1496 1468 1442 1414 1387 1359 1329 1302 1267 1230 1187 1149 1114 1069 1019 976 921 871 823 779 735 700 662 629 604 576 533 511 485 463 443 421 405 390 369 353 339 325 313 307 294 284 275 266 258 250 242 229 216 207 196 183 173 158 138
2339 2304 2274 2235 2185 2142 2111 2076 2024 1994 1968 1942 1914 1884 1857 1829 1808 1788 1769 1749 1730 1715 1696 1680 1645 1624 1604 1584 1562 1540 1512 1490 1463 1439 1416 1390 1364 1339 1304 1266 1227 1187 1145 1111 1060 1005 955 904 858 816 774 740 704 671 634 612 587 566 513 489 467 444 420 401 388 370 356 342 329 312 299 287 278 269 261 252 245 236 225 215 202 191 176 165 154 140
2330 2290 2254 2214 2177 2144 2106 2065 2024 1994 1968 1942 1907 1877 1850 1825 1802 1783 1764 1747 1730 1712 1693 1677 1644 1627 1602 1582 1558 1535 1508 1484 1458 1435 1409 1383 1354 1328 1290 1251 1215 1172 1133 1092 1051 1000 946 897 856 821 777 742 711 679 641 616 598 569 519 494 468 444 424 408 393 376 359 345 330 314 298 285 277 271 262 250 239 229 222 213 201 191 175 160 148 137
2320 2283 2238 2202 2168 2133 2095 2055 2018 1985 1958 1933 1907 1877 1850 1825 1802 1774 1761 1746 1734 1715 1697 1676 1644 1626 1605 1583 1559 1535 1511 1485 1459 1434 1407 1376 1347 1318 1280 1243 1201 1164 1127 1089 1046 998 941 894 857 823 785 751 713 682 645 620 595 566 517 495 469 448 432 414 396 379 366 351 338 323 304 289 276 269 259 249 237 225 214 207 196 184 170 157 145 136
2315 2279 2238 2205 2165 2131 2088 2054 2014 1980 1950 1922 1896 1872 1844 1815 1791 1774 1761 1746 1734 1715 1702 1683 1667 1627 1611 1588 1567 1540 1515 1487 1459 1433 1402 1375 1346 1312 1274 1229 1194 1166 1130 1093 1053 1004 949 908 866 825 784 751 717 686 653 626 594 566 517 491 469 448 435 416 396 383 372 356 343 327 310 296 281 270 259 248 236 221 208 202 191 180 167 151 143 133
2292 2262 2227 2196 2155 2120 2094 2064 2021 1979 1951 1920 1887 1862 1837 1808 1789 1772 1761 1749 1735 1717 1702 1683 1667 1627 1614 1590 1565 1539 1510 1481 1455 1430 1397 1364 1338 1310 1271 1224 1194 1161 1127 1091 1051 1015 966 916 876 833 789 760 720 687 656 627 601 574 547 493 468 448 432 416 397 386 373 360 348 335 318 302 286 274 262 251 237 222 206 198 184 170 159 151 143 132
2258 2237 2214 2185 2140 2107 2094 2075 2031 1989 1960 1925 1887 1852 1823 1804 1790 1775 1763 1753 1738 1724 1705 1684 1669 1633 1614 1590 1565 1539 1510 1477 1448 1423 1394 1364 1333 1303 1266 1224 1190 1159 1126 1094 1056 1022 974 929 882 835 792 756 723 697 666 636 607 580 546 495 467 447 434 415 402 390 376 363 353 340 320 307 292 276 268 255 238 225 208 194 179 168 158 155 141 129
2228 2209 2184 2155 2120 2086 2066 2045 2022 1991 1962 1927 1882 1843 1819 1802 1792 1775 1762 1752 1737 1725 1709 1688 1670 1633 1612 1588 1561 1538 1509 1477 1448 1423 1394 1364 1331 1297 1267 1229 1193 1158 1130 1100 1066 1026 987 937 893 839 794 759 729 701 667 634 603 575 541 493 467 449 438 424 404 390 378 363 354 340 323 307 298 285 274 257 240 226 211 197 185 170 158 150 140 129
2198 2176 2149 2117 2091 2056 2024 2003 1986 1972 1960 1922 1877 1850 1832 1815 1796 1782 1767 1750 1735 1720 1705 1685 1666 1646 1604 1584 1560 1532 1502 1474 1441 1417 1394 1363 1331 1297 1267 1229 1199 1163 1133 1102 1068 1034 996 952 900 850 802 762 730 701 666 640 608 578 548 497 470 455 445 427 406 393 382 368 356 339 326 315 304 290 277 258 245 230 217 204 188 174 160 148 139 125
2171 2154 2122 2093 2072 2037 2005 1980 1964 1955 1944 1923 1890 1858 1842 1823 1799 1784 1770 1753 1734 1719 1705 1685 1665 1643 1602 1581 1556 1530 1499 1472 1440 1414 1391 1361 1332 1302 1269 1230 1199 1163 1133 1102 1068 1044 1006 967 914 871 814 775 740 707 677 646 610 579 553 525 474 457 444 427 412 398 386 372 358 344 330 318 310 298 279 267 254 240 221 204 190 175 161 149 136 122
2142 2127 2103 2079 2057 2026 1996 1967 1952 1934 1913 1898 1878 1850 1831 1813 1794 1783 1768 1754 1737 1718 1704 1687 1667 1646 1599 1580 1555 1533 1506 1476 1448 1419 1393 1361 1334 1301 1273 1237 1206 1169 1142 1110 1075 1044 1006 967 914 888 842 792 754 721 687 651 616 581 549 525 479 459 443 429 415 401 388 376 361 343 329 317 309 300 288 276 260 243 225 204 188 170 158 145 132 116
2109 2096 2078 2060 2042 2017 1988 1956 1939 1921 1900 1877 1857 1838 1823 1806 1790 1776 1764 1747 1733 1720 1706 1686 1665 1643 1601 1582 1556 1534 1511 1481 1449 1418 1389 1360 1333 1301 1268 1235 1208 1175 1142 1110 1082 1047 1016 977 936 888 842 792 754 721 678 646 606 572 545 523 483 463 447 431 419 405 392 379 364 347 335 323 311 303 291 277 262 246 229 211 194 172 158 144 126 111
2083 2068 2050 2038 2021 2002 1978 1952 1929 1914 1889 1865 1847 1832 1821 1805 1791 1775 1759 1746 1735 1723 1708 1687 1668 1643 1623 1581 1558 1536 1512 1487 1454 1419 1388 1355 1330 1300 1269 1238 1204 1173 1141 1108 1082 1052 1018 988 951 908 864 809 772 727 678 646 606 572 545 531 491 472 452 436 422 408 397 384 368 353 344 330 313 302 290 278 262 250 230 209 193 177 158 141 125 112
2057 2047 2030 2012 1996 1981 1954 1938 1920 1899 1872 1852 1841 1830 1817 1805 1792 1774 1760 1748 1734 1721 1707 1690 1667 1643 1618 1581 1561 1540 1514 1489 1457 1423 1390 1356 1329 1301 1274 1243 1207 1174 1137 1108 1089 1060 1029 990 956 919 871 826 780 737 687 641 598 571 549 531 513 472 452 442 428 412 399 388 377 361 349 330 313 300 290 276 261 247 225 205 187 174 160 141 123 110
2036 2027 2010 1992 1979 1958 1933 1915 1900 1882 1863 1853 1840 1831 1819 1806 1791 1774 1759 1746 1730 1716 1699 1682 1665 1649 1624 1588 1564 1538 1515 1489 1460 1428 1394 1355 1324 1301 1273 1239 1208 1180 1148 1116 1096 1062 1033 993 959 921 887 838 792 744 684 635 599 575 556 539 520 481 458 442 428 412 399 388 377 364 351 334 316 305 292 274 256 240 221 204 186 172 162 141 123 108
2025 2009 1991 1975 1962 1941 1921 1902 1887 1874 1860 1849 1836 1826 1817 1804 1790 1775 1756 1741 1729 1713 1698 1683 1666 1649 1631 1615 1567 1543 1517 1493 1459 1427 1394 1361 1330 1303 1272 1238 1209 1183 1153 1123 1094 1062 1028 997 964 930 893 849 801 751 694 637 598 577 559 542 521 482 462 449 432 413 401 392 377 364 351 334 316 306 290 273 253 233 215 200 185 173 161 142 126 108
2010 1998 1981 1971 1953 1931 1912 1896 1883 1869 1858 1846 1833 1820 1809 1799 1787 1775 1755 1739 1724 1711 1702 1687 1669 1650 1632 1612 1565 1540 1515 1488 1458 1428 1397 1371 1335 1307 1277 1245 1215 1184 1150 1115 1086 1055 1025 995 961 927 890 848 800 755 706 651 605 576 553 541 526 511 471 454 439 418 405 394 378 368 353 338 323 306 290 273 253 232 217 202 189 175 154 141 125 110
1997 1983 1972 1966 1944 1924 1909 1896 1883 1871 1859 1845 1832 1819 1806 1795 1785 1773 1758 1740 1724 1712 1700 1687 1670 1652 1634 1614 1564 1537 1511 1482 1452 1423 1400 1371 1337 1307 1276 1243 1213 1184 1153 1112 1083 1053 1020 988 953 920 893 854 799 757 715 657 611 581 556 544 528 511 475 455 437 421 405 388 375 365 354 336 323 305 284 267 249 232 217 202 189 175 151 135 117 106
1981 1967 1959 1949 1935 1920 1910 1897 1887 1872 1858 1840 1828 1813 1803 1787 1779 1768 1752 1738 1722 1711 1697 1681 1663 1648 1631 1611 1566 1534 1513 1485 1452 1426 1397 1369 1338 1311 1282 1245 1212 1175 1149 1114 1078 1048 1018 986 956 924 887 850 803 755 709 656 620 589 564 547 529 513 472 451 432 419 402 386 372 363 353 338 323 308 285 266 249 240 221 204 191 175 151 135 117 106
1976 1961 1946 1934 1925 1919 1911 1896 1885 1871 1855 1836 1821 1808 1795 1783 1768 1757 1742 1732 1719 1707 1692 1677 1662 1647 1627 1607 1584 1535 1513 1487 1460 1431 1397 1364 1327 1301 1271 1236 1207 1178 1139 1105 1070 1036 1004 981 951 920 887 845 806 764 713 663 628 595 572 556 536 516 474 452 432 418 401 388 374 364 354 340 324 307 290 269 256 245 227 209 193 174 154 135 118 110
1967 1953 1939 1927 1922 1918 1908 1898 1882 1872 1859 1836 1817 1806 1793 1777 1760 1747 1735 1726 1714 1701 1686 1675 1662 1645 1626 1602 1582 1534 1506 1479 1451 1424 1391 1356 1318 1292 1259 1228 1197 1158 1126 1096 1058 1022 990 964 938 912 881 846 808 767 727 684 641 608 579 559 538 520 502 458 439 422 408 391 376 363 352 343 325 304 288 271 256 244 230 215 197 178 160 142 124 114
1956 1943 1931 1919 1916 1916 1902 1890 1876 1862 1851 1835 1816 1801 1784 1771 1754 1742 1731 1722 1709 1699 1685 1670 1658 1643 1619 1603 1583 1533 1503 1475 1443 1417 1379 1344 1313 1279 1244 1214 1188 1150 1117 1084 1046 1012 981 954 926 904 877 845 813 778 739 701 658 624 591 567 549 531 508 462 445 428 411 391 377 363 352 340 324 310 290 269 253 242 228 214 198 182 165 148 136 128
1944 1934 1923 1912 1906 1899 1889 1876 1862 1853 1844 1826 1811 1798 1782 1766 1754 1739 1728 1716 1704 1695 1679 1666 1656 1641 1619 1598 1579 1556 1501 1472 1437 1403 1371 1338 1304 1266 1234 1206 1174 1147 1109 1075 1045 1011 981 957 931 903 870 840 814 782 748 707 666 633 603 579 558 535 517 472 451 430 411 394 378 363 350 338 325 310 294 269 251 242 228 209 194 177 163 153 144 135
1933 1921 1913 1905 1896 1886 1879 1870 1858 1846 1839 1824 1807 1792 1777 1760 1749 1739 1725 1712 1699 1687 1677 1665 1651 1635 1618 1594 1572 1553 1500 1470 1432 1398 1365 1330 1291 1255 1223 1192 1161 1134 1099 1065 1035 1004 976 951 923 897 868 839 808 779 748 713 676 646 618 590 562 539 521 480 458 437 414 396 379 365 350 338 324 310 291 271 254 241 229 211 196 179 167 157 147 138
1925 1914 1905 1895 1890 1880 1870 1861 1851 1841 1832 1821 1807 1787 1769 1754 1745 1737 1723 1709 1696 1684 1671 1660 1650 1632 1611 1589 1565 1546 1494 1464 1436 1409 1370 1325 1282 1250 1216 1181 1144 1115 1085 1053 1022 999 969 943 916 889 862 834 808 775 750 715 686 652 626 597 572 548 527 502 462 438 414 394 377 361 345 335 324 309 291 274 256 243 232 218 199 183 171 159 149 139
1915 1907 1901 1891 1883 1875 1863 1854 1845 1835 1822 1814 1801 1782 1765 1755 1747 1734 1720 1706 1696 1684 1671 1656 1643 1628 1602 1587 1567 1542 1490 1467 1432 1401 1360 1316 1276 1239 1203 1167 1133 1102 1070 1045 1018 993 962 938 908 882 856 826 798 772 745 716 685 655 627 600 578 556 530 508 466 442 417 395 376 361 345 331 318 304 288 273 256 242 230 218 199 187 173 160 149 142
1902 1895 1889 1878 1869 1867 1858 1846 1840 1830 1818 1805 1792 1779 1768 1758 1747 1728 1718 1705 1695 1683 1669 1655 1641 1623 1604 1588 1564 1540 1511 1453 1421 1389 1347 1306 1269 1229 1192 1160 1136 1107 1070 1042 1018 993 963 934 908 878 846 820 793 770 741 715 684 657 629 604 582 558 536 515 469 447 420 401 380 362 345 328 313 298 287 271 257 243 233 219 202 188 172 163 154 146
1889 1882 1874 1868 1861 1854 1847 1840 1835 1826 1815 1802 1787 1776 1767 1760 1748 1729 1719 1708 1695 1683 1669 1656 1642 1624 1605 1584 1561 1537 1510 1451 1420 1382 1339 1301 1262 1226 1194 1163 1133 1101 1071 1044 1015 990 961 929 903 872 844 820 795 767 742 715 685 662 630 606 584 559 539 516 494 447 423 403 382 365 346 328 315 298 283 269 257 244 231 218 204 189 179 167 157 150
1880 1873 1867 1861 1851 1842 1837 1834 1828 1820 1813 1802 1790 1778 1769 1761 1752 1734 1721 1707 1695 1682 1669 1654 1640 1625 1604 1584 1564 1534 1510 1449 1414 1380 1341 1305 1269 1232 1198 1164 1128 1098 1069 1043 1017 992 958 925 897 868 839 813 789 763 735 711 684 657 637 614 591 565 543 519 497 451 429 409 386 373 354 328 317 299 283 268 255 243 230 216 201 185 176 167 160 151
1880 1873 1867 1861 1844 1836 1829 1824 1820 1818 1812 1801 1789 1780 1769 1758 1750 1736 1720 1704 1693 1681 1667 1653 1639 1625 1604 1585 1567 1539 1517 1453 1416 1385 1345 1312 1280 1241 1207 1172 1134 1098 1070 1040 1014 990 956 925 892 859 832 802 775 752 726 706 685 662 638 619 595 572 553 527 503 458 433 415 398 385 366 343 329 305 287 272 257 249 227 211 196 180 171 167 159 148
1877 1869 1861 1851 1844 1836 1829 1824 1820 1818 1810 1801 1786 1776 1769 1758 1745 1729 1716 1707 1694 1679 1667 1653 1637 1622 1602 1583 1561 1545 1514 1487 1426 1389 1348 1308 1277 1246 1214 1179 1140 1102 1069 1036 1008 977 949 920 886 851 823 796 767 744 725 702 680 657 638 618 595 574 550 527 503 459 441 420 404 387 367 349 332 315 292 274 260 245 229 208 192 179 167 161 154 144
